%YAML:1.0
image_width: 1280
image_height: 800
camera_name: narrow_stereo
camera_matrix:
  rows: 3
  cols: 3
  data: [4.5915852078833956e+02, 0., 6.4303025614853493e+02, 
          0., 4.5903826738882873e+02, 3.8621703442297587e+02, 
          0., 0., 1.]
distortion_model: fisheye
distortion_coefficients:
  rows: 1
  cols: 4
  data: [5.7615304096383921e-02, 2.0285647991225252e-02,
       -1.0984463040075471e-02, 1.5581041874607963e-03]
rectification_matrix:
  rows: 3
  cols: 3
  data: [0.999642, -0.000048, 0.026760,
        0.000748, 0.999657, -0.026172,
        -0.026749, 0.026182, 0.999299]
projection_matrix:
  rows: 3
  cols: 4
  data: [544.578074, 0.000000, 660.309685, -42.184203,
        0.000000, 544.578074, 386.184410, 0.000000,
        0.000000, 0.000000, 1.000000, 0.000000]