%YAML:1.0
image_width: 1280
image_height: 800
camera_name: narrow_stereo/right
camera_matrix:
  rows: 3
  cols: 3
  data: [483.0321 ,   0.     , 632.6252 ,
          0.     , 485.04091, 401.889  ,
          0.     ,   0.     ,   1.     ]
distortion_model: plumb_bob
distortion_coefficients:
  rows: 1
  cols: 4
  data: [-0.177509, 0.022445, -0.000070, 0.000539, 0.000000]
rectification_matrix:
  rows: 3
  cols: 3
  data: [ 0.99852984, -0.0054521 , -0.05392993,
          0.00509254,  0.9999639 , -0.00680223,
          0.05396507,  0.00651758,  0.99852155]
projection_matrix:
  rows: 3
  cols: 4
  data: [455.13393,   0.     , 687.42081, -36.12584,
           0.     , 455.13393, 377.72961,   0.     ,
           0.     ,   0.     ,   1.     ,   0.     ]