%YAML:1.0
image_width: 1280
image_height: 800
camera_name: narrow_stereo
camera_matrix:
  rows: 3
  cols: 3
  data: [4.6268628071196866e+02, 0., 6.4164197196309908e+02, 
          0., 4.6257608444786661e+02, 3.7307332439319805e+02, 
          0., 0., 1.]
distortion_model: equidistant
distortion_coefficients:
  rows: 1
  cols: 4
  data: [4.2902668844802677e-02, 4.6342686241672669e-02,
       -2.9467541644563874e-02, 6.1424047595886331e-03]
rectification_matrix:
  rows: 3
  cols: 3
  data: [1.0, 0.0, 0.0,
         0.0, 1.0, 0.0,
         0.0, 0.0, 1.0]
projection_matrix:
  rows: 3
  cols: 4
  data: [441.09426, 0.39702, 640.46071, 0.0,
         0.0, 440.93217, 381.92485, 0.0,
         0.0, 0.0, 1.0, 0.0]