%YAML:1.0
image_width: 1280
image_height: 800
camera_name: narrow_stereo
camera_matrix:
  rows: 3
  cols: 3
  data: [4.6281491988579933e+02, 0., 6.0889129004553206e+02, 
          0., 4.6246634471018234e+02, 3.9286523363683540e+02, 
          0., 0., 1.]
distortion_model: fisheye
distortion_coefficients:
  rows: 1
  cols: 4
  data: [5.0711920247972990e-02, 2.2710488801037671e-02,
       -7.7647481507882579e-03, -8.2831857603531535e-04]
rectification_matrix:
  rows: 3
  cols: 3
  data: [0.999219, -0.006699, 0.038947,
        0.005677, 0.999638, 0.026295,
        -0.039109, -0.026053, 0.998895]
projection_matrix:
  rows: 3
  cols: 4
  data: [544.578074, 0.000000, 660.309685, 0.000000,
        0.000000, 544.578074, 386.184410, 0.000000,
        0.000000, 0.000000, 1.000000, 0.000000]